2201207010000030006462788:
2201207010000050016080759:
2201207010000070006467049:
2201207010000080006652141:
2201207010000100006443538:
2201207010000160005746301:
2201207010000180006451965:
2201207010000200005746301:
2201207010000210006451965:
2201207010000230006445506:
2201207010000240006652142:
2201207010000260005816211:
2201207010000290005812942:
2201207010000320006652144:
2201207010000330005826207:
2201207010000360006459232:
2201207010000380005834425:
2201207010000400005816821:
2201207010000420005816208:
2201207010000430006652016:
2201207010000450016079460:
2201207010000480005812943:
2201207010000520006443001:
2201207010001190006652139:
2201207010001250016092740:
2201207010001270006449638:
2201207010001290006443472:
2201207010001320005827576:
2201207010001360006464058:
2201207010001390006443722:
2201207010001410006444808:
2201207010001430006461645:
2201207010001460005733648:
2201207010001480005736267:
2201207010001500016092656:
2201207010001520006447193:
2201207010001530005814224:
2201207010001550006652019:
2201207010001570006652013:
2201207010001580006441082:
2201207010002000005736265:
2201207010002020016074727:
2201207010002040006444053:
2201207010002060006443779:
2201207010002080006652394:
2201207010002090006459916:
2201207010002110016092574:
2201207010002130006652146:
2201207010002150006671269:
2201207010002160006652143:
2201207010002180006442982:
2201207010002200006467295:
2201207010002220006671267:
2201207010002250006442978:
2201207010002270006444650:
2201207010002280006442862:
2201207010002300006444025:
2201207010002320005733645:
2201207010002340006452550:
2201207010002360005834504:
2201207010002390006442811:
2201207010002420006444812:
2201207010002450006442896:
2201207010002470005746300:
2201207010003040006449917:
2201207010003110006456596:
2201207010003430013690458:
2201207010004470012893453:
2201207010712380005818268:
2201207010735370006652020:
2201207010735460005736264:
2201207010735490006652144:
2201207010735570005827888:
2201207010736550005827887:
2201207010737220006464040:
2201207010738190012893453:
2201207010739500006463382:
2201207010740090006441105:
2201207010741170006459569:
2201207010741210006444053:
2201207010741300005834504:
2201207010741410005832279:
2201207010741550005834504:
2201207010742050006459560:
2201207010742180006467049:
2201207010743340006442811:
2201207010743380002385794:
2201207010743490006459229:
2201207010743540006452029:
2201207010744000005828788:
2201207010744040005813312:
2201207010744080016083608:
2201207010744260013836840:
2201207010744370006443755:
2201207010744590005818322:
2201207010745130013690458:
2201207010745190006444651:
2201207010745340005736265:
2201207010745360006452832:
2201207010745400005824266:
2201207010745420005822670:
2201207010745440006652394:
2201207010745500006651461:
2201207010745520005812882:
2201207010745540006447193:
2201207010745560006466571:
2201207010746000006452987:
2201207010746020016074727:
2201207010746580006677716:
2201207010747010005830462:
2201207010747070006451360:
2201207010747160006447138:
2201207010747180006443057:
2201207010747220006671369:
2201207010747440006446916:
2201207010748000016086291:
2201207010748040005832717:
2201207010748070005823025:
2201207010748140006466563:
2201207010748180006464708:
2201207010748200005826402:
2201207010748240002384520:
2201207010748280006462788:
2201207010748320006452885:
2201207010748340006671270:
2201207010748370006441200:
2201207010748430006465405:
2201207010748450005822667:
2201207010748470005746303:
2201207010748520016090299:
2201207010748570002374068:
2201207010749000006675310:
2201207010749020005750227:
2201207010749050005826786:
2201207010749090016091571:
2201207010749300006449917:
2201207010749340005811973:
2201207010749480006451347:
2201207010749560006674001:
2201207010749590006652013:
2201207010750010005814224:
2201207010750040016090490:
2201207010750050006444014:
2201207010750070006652138:
2201207010750100006449638:
2201207010750140005823024:
2201207010750230016083637:
2201207010750270016092396:
2201207010750300016091391:
2201207010750360006671269:
2201207010750380002369077:
2201207010750410006674000:
2201207010750450005831303:
2201207010750460005851915:
2201207010750480006449636:
2201207010750500006461645:
2201207010750530006664988:
2201207010750550006652019:
2201207010750590005733648:
2201207010751010006448464:
2201207010751040005811974:
2201207010751080005829372:
2201207010751100005822074:
2201207010751120006443324:
2201207010751130006446882:
2201207010751150005812968:
2201207010751160016095331:
2201207010751180006442989:
2201207010751210006441155:
2201207010751250005818327:
2201207010751350006461064:
2201207010751510006653812:
2201207010751530006655744:
2201207010751560006443722:
2201207010752010005822511:
2201207010752110006463484:
2201207010752130006449624:
2201207010752170005736268:
2201207010752190005816213:
2201207010752210005814914:
2201207010752240005827575:
2201207010752270005816213:
2201207010752290006444650:
2201207010752310005813315:
2201207010752330006447149:
2201207010752360006674002:
2201207010752380006652014:
2201207010752390005823031:
2201207010752410005831879:
2201207010752450006652142:
2201207010752460006442978:
2201207010752500006443538:
2201207010752520005952215:
2201207010752540006444808:
2201207010752560006443001:
2201207010752580006674388:
2201207010753000005819066:
2201207010753020005816213:
2201207010753030006446981:
2201207010753050005746301:
2201207010753070006674388:
2201207010753080006448241:
2201207010753100016079798:
2201207010753120005812942:
2201207010753150006464118:
2201207010753180005827949:
2201207010753220016094013:
2201207010753260016076454:
2201207010753290016074345:
2201207010753320006665007:
2201207010753330016083840:
2201207010753350006449507:
2201207010753380006462822:
2201207010753450006446855:
2201207010753480005834425:
2201207010753500016074759:
2201207010753540005828795:
2201207010753550006652018:
2201207010753580005823033:
2201207010754070006462726:
2201207010754080016086705:
2201207010754100006445471:
2201207010754120006673841:
2201207010754140016089595:
2201207010754190006452435:
2201207010754210005828794:
2201207010754220006442869:
2201207010754240006443514:
2201207010754270006652141:
2201207010754320006677718:
2201207010754340005827951:
2201207010754370006664965:
2201207010754400005733646:
2201207010754410006675309:
2201207010754430006452550:
2201207010754440006652140:
2201207010754480006451965:
2201207010754500006466565:
2201207010754530006444035:
2201207010754550006452410:
2201207010754560005733644:
2201207010754580016090716:
2201207010755000006652398:
2201207010755020016080401:
2201207010755041511476250:
2201207010755070005746299:
2201207010755110016080339:
2201207010755140005816821:
2201207010755170005821510:
2201207010755190005827889:
2201207010755220006459916:
2201207010755230006652146:
2201207010755250006444062:
2201207010755260006441082:
2201207010755280000842156:
2201207010755290016089635:
2201207010755310002384416:
2201207010755330006461640:
2201207010755350006447128:
2201207010755370016092242:
2201207010755390006663026:
2201207010755410016086745:
2201207010755430006442982:
2201207010755460006671268:
2201207010755480006677764:
2201207010755500006665009:
2201207010755520006468169:
2201207010755540006651460:
2201207010755570016077227:
2201207010756000016088015:
2201207010756010005736262:
2201207010756030006444078:
2201207010756050006652143:
2201207010756070005813314:
2201207010756090016087297:
2201207010756110005824268:
2201207010756130016086757:
2201207010756140006655746:
2201207010756160006462782:
2201207010756180006452095:
2201207010756200006446868:
2201207010756210006454823:
2201207010756230005829370:
2201207010756240006663028:
2201207010756260006442896:
2201207010756280006447018:
2201207010756290016083591:
2201207010756310005810651:
220120701075633ErrorCardNo:
2201207010756450006454914:
2201207010756460006673840:
2201207010756480005814915:
2201207010756530016091413:
2201207010756550006652147:
2201207010756580006467044:
2201207010757000006445506:
2201207010757020006652016:
2201207010757030006444025:
2201207010757050006671346:
2201207010757070006671267:
2201207010757110016094042:
2201207010757120006443265:
2201207010757130016090513:
2201207010757150005831946:
2201207010757180006467375:
2201207010757200016093427:
2201207010757220006443670:
2201207010757230005816216:
2201207010757280005736267:
2201207010757300002382001:
2201207010757310006456626:
2201207010757320005816208:
2201207010757340005823528:
2201207010757360016077653:
2201207010757370016090243:
2201207010757400016078071:
2201207010757420006652397:
2201207010757470006459227:
2201207010757540006652400:
2201207010757560006677720:
2201207010757590016075488:
2201207010758000006442876:
2201207010758020006464466:
2201207010758040016079497:
2201207010758050006446198:
2201207010758070005828789:
2201207010758090006464058:
2201207010758100002365783:
2201207010758120002374064:
2201207010758150006446826:
2201207010758170016092574:
2201207010758190005826207:
2201207010758210005827576:
2201207010758240016093589:
2201207010758270006444639:
2201207010758300005736270:
2201207010758320006442843:
2201207010758350005746300:
2201207010758440005828654:
2201207010758450016091606:
2201207010758470006467295:
2201207010758490006464039:
2201207010758520005826785:
2201207010758540006465465:
2201207010758560005826208:
2201207010758580006455068:
2201207010758590016083347:
2201207010759010016095126:
2201207010759030006454865:
2201207010759050005814916:
2201207010759070005813241:
2201207010759080016079131:
2201207010759120016079460:
2201207010759130016076546:
2201207010759140016077350:
2201207010759180006447965:
2201207010759210016075561:
2201207010759230006459232:
2201207010759280016091378:
2201207010759320006452900:
2201207010759350005733645:
2201207010759360006655743:
2201207010759380016080274:
2201207010759400005812943:
2201207010759430006456845:
2201207010759470016092656:
2201207010759480005816211:
2201207010759490006464684:
2201207010759510006444812:
2201207010759520006444350:
2201207010759540006451608:
2201207010759550006465418:
2201207010759570006442862:
2201207010759580016080242:
2201207010800000016080759:
2201207010800010005813240:
2201207010800050016087011:
2201207010800080006446912:
2201207010800090005828015:
2201207010800110006460482:
2201207010800130006652139:
2201207010800150006452742:
2201207010800190006466457:
2201207010800210016083603:
2201207010800230016075828:
2201207010800250013687408:
2201207010800270006464131:
2201207010800300006444167:
2201207010800440005827886:
2201207010800540016076301:
2201207010800560016092404:
2201207010801140016083583:
2201207010801250005831142:
2201207010801450006671266:
2201207010802090006443779:
2201207010802230016086255:
2201207010803100005813238:
2201207010804290016086723:
2201207011702220016092396:
2201207011702230016091391:
2201207011702270006677720:
2201207011702490016089595:
2201207011702530005812943:
2201207011707520006444808:
2201207011709040006674390:
2201207011714330005822074:
2201207011811190006454823:
2201207011813550005831142:
2201207011922030006442417:
2201207011922080005827951:
2201207011922140006443324:
2201207011922190005832717:
2201207011923570005827949:
2201207011924330005746299:
2201207011956290006463484:
2201207012000150002369077:
2201207012000190005813241:
2201207012000220016080242:
2201207012000250002384520:
2201207012000390006452410:
2201207012000420006451347:
2201207012000480006464040:
2201207012000510002384416:
2201207012000549G:
2201207012000550006677716:
2201207012000570006448241:
2201207012001000005831879:
2201207012001010002365783:
2201207012001030005831303:
2201207012001060005825319:
2201207012001070016091413:
2201207012001090016083608:
2201207012001120005823031:
2201207012001130006455068:
2201207012001160006652020:
2201207012001170000842156:
2201207012001190016080401:
2201207012001210016086757:
2201207012001220005823025:
2201207012001240016091378:
2201207012001261511476250:
2201207012001300005832279:
2201207012001320005816216:
2201207012001340016094013:
2201207012001360005823032:
2201207012001400016088015:
2201207012001410006664963:
2201207012001450006452029:
2201207012001460006675309:
2201207012001480006665009:
2201207012001490016077227:
2201207012001510016083840:
2201207012001520006468169:
2201207012001550006651461:
2201207012001570005823033:
2201207012002000016093427:
2201207012002020006665007:
2201207012002040016086705:
2201207012002060006655744:
2201207012002080005822511:
2201207012002100002385794:
2201207012002120005819066:
2201207012002130002374064:
2201207012002150006447965:
2201207012002180006674000:
2201207012002190006444053:
2201207012002210006459569:
2201207012002230005736267:
2201207012002270006441082:
2201207012002300006449638:
2201207012002320006442989:
2201207012002330016077350:
2201207012002350016092656:
2201207012002370016079131:
2201207012002390006447193:
2201207012002410016092574:
2201207012002430006652397:
2201207012002450006442982:
2201207012002480016075828:
2201207012002520006444025:
2201207012002540006454865:
2201207012002570006652400:
2201207012003010005814916:
2201207012003020006446882:
2201207012003040006446912:
2201207012003050005831946:
2201207012003070006441200:
2201207012003110006443779:
2201207012003120006442811:
2201207012003140016094770:
2201207012003170016074345:
2201207012003190006459227:
2201207012003220005826786:
2201207012003250016078071:
2201207012003270002382001:
2201207012003290016086745:
2201207012003300016074727:
2201207012003320016074759:
2201207012003340016090299:
2201207012003360006459229:
2201207012003380006446981:
2201207012003390006447149:
2201207012003410006451608:
2201207012003420006447128:
2201207012003440016076454:
2201207012003470006461645:
2201207012003500006462822:
2201207012003520016080759:
2201207012003540016092740:
2201207012003550006653812:
2201207012003570016095331:
2201207012003580006441155:
2201207012004000016075488:
2201207012004010005827887:
2201207012004030016083637:
2201207012004050005812968:
2201207012004060005828654:
2201207012004090005733644:
2201207012004110005827889:
2201207012004130016075561:
2201207012004140006442843:
2201207012004160006446855:
2201207012004200006652144:
2201207012004220016091606:
2201207012004230006452742:
2201207012004250006464039:
2201207012004270006464058:
2201207012004280006451360:
2201207012004300006674001:
2201207012004310005827576:
2201207012004330005826785:
2201207012004340006671266:
2201207012004360005733645:
2201207012004380006446826:
2201207012004400006444035:
2201207012004420006652147:
2201207012004440016079798:
2201207012004460006652014:
2201207012004470006443755:
2201207012004520006444639:
2201207012004550006444014:
2201207012004580006442828:
2201207012004590006652140:
2201207012005010006442862:
2201207012005030006677718:
2201207012005050005828015:
2201207012005090005733646:
2201207012005110006664965:
2201207012005130016095126:
2201207012005140005736270:
2201207012005160006464118:
2201207012005170016076546:
2201207012005190006675310:
2201207012005210006652138:
2201207012005230006651460:
2201207012005250006444651:
2201207012005270006452832:
2201207012005290002374068:
2201207012005300006652394:
2201207012005320016090716:
2201207012005340006444812:
2201207012005360016080339:
2201207012005380006445471:
2201207012005400006673840:
2201207012005410006465418:
2201207012005430006454914:
2201207012005450006449636:
2201207012005470006655746:
2201207012005490006465405:
2201207012005510006460931:
2201207012005530016087276:
2201207012005550005827886:
2201207012005570006652139:
2201207012005590006652018:
2201207012006010006671269:
2201207012006030005746303:
2201207012006040005814915:
2201207012006060016083591:
2201207012006070005827575:
2201207012006090016087297:
2201207012006100005823024:
2201207012006120006664988:
2201207012006130005851915:
2201207012006150006655743:
2201207012006170006447018:
2201207012006190006443722:
2201207012006220006677764:
2201207012006240006671369:
2201207012006280016092404:
2201207012006300016089635:
2201207012006310016083603:
2201207012006330016076301:
2201207012006340005812882:
2201207012006360016087011:
2201207012006380006452435:
2201207012006420016090513:
2201207012006430016091571:
2201207012006450016094042:
2201207012006470016083583:
220120701200649ErrorCardNo:
2201207012006530006673841:
2201207012006540006652019:
2201207012006560016086255:
2201207012006580006442869:
2201207012007050006452584:
2201207012007070005814914:
2201207012007090006466571:
2201207012007110005827888:
2201207012007150006444078:
2201207012007160005822667:
2201207012007180006652398:
2201207012007200006652146:
2201207012007220016080274:
2201207012007230006444062:
2201207012007250016092242:
2201207012007280016077653:
2201207012007300006663028:
2201207012007310005821510:
2201207012007330006466565:
2201207012007350006444350:
2201207012007370005952215:
2201207012007380006671268:
2201207012007420006443265:
2201207012007440006671268:
2201207012007480006674388:
2201207012007500006462782:
2201207012007530006464684:
2201207012007570006444167:
2201207012007580016090243:
2201207012008000006663026:
2201207012008010006441105:
2201207012008050006452885:
2201207012008060016080290:
2201207012008080006463382:
2201207012008100005750227:
2201207012008110006443514:
2201207012008130006652141:
2201207012008140005813238:
2201207012008160006466563:
2201207012008190006464466:
2201207012008220006464708:
2201207012008350006447138:
2201207012008370016090490:
2201207012008540006467295:
2201207012009090006652013:
2201207012009170005814224:
2201207012010060005736268:
2201207012011070006443057:
2201207012011440005813314:
2201207012011480006443670:
2201207012012120006452095:
2201207012012150006449507:
2201207012016330006459560:
2201207012016490006456596:
2201207012016570006449917:
2201207012017320006461064:
2201207012017480006466457:
2201207012039280016086723:
2201207012120490005736265:
2201207012120560005733648:
2201207012200310006462788:
2201207012200460005746301:
2201207012200480006459232:
2201207012200560006443538:
2201207012201070006652016:
2201207012201120006443001:
2201207012201160006467049:
2201207012201190006465465:
2201207012201230005822670:
2201207012201310006446868:
2201207012201350006652142:
2201207012201370006449624:
2201207012202260005736264:
2201207012202290006464131:
2201207012203010006442978:
2201207012204360006671346:
2201207012204390016079497:
2201207012204420006671270:
2201207012204470016079460:
2201207012205050005834504:
2201207012205110006652143:
2201207012205300005834504:
2201207012205380016079460:
2201207012205460006671267:
2201207012208500005826402:
2201207012216360013849169:
2201207012224120013687393:
2201207012307180013673540:
2201207012337040005816823:
2201207012337140005823530:
2201207012337170005823527:
2201207012345210013674521:
2201207012352220006463333:
2201207012352270016078910:
2201207012353410005823528:
2201207012353430005823527:
2201207012353470005823530:
2201207012354070005816213:
2201207012354120005823027:
2201207012354150006452987:
2201207012354230006448464:
2201207012354270005818327:
2201207012354280005816211:
2201207012354400005826207:
2201207012354430005818322:
2201207012355050005826208:
2201207012355270005816821:
2201207012356100005810849:
2201207012356210005828792:
2201207012356300006446385:
2201207012357190011928029:
2201207012357350005813312:
2201207012357410006445506:
2201207012357430006451965:
2201207012357450013685944:
2201207012357480005812942:
2201207012357500006452550:
2201207012357520006442896:
2201207012357540006445480:
2201207012357560005811888:
2201207012357570005834501:
2201207012357590005813079:
2201207012358030006451488:
2201207012358040005812583:
2201207012358060005827228:
2201207012358070006446812:
2201207012358090006467375:
2201207012358110012902754:
2201207012358120006454361:
2201207012358140005816208:
2201207012358160006467044:
2201207012358170005816208:
2201207012358190005813311:
2201207012358200005813315:
2201207012358220005813313:
2201207012358230005827227:
2201207012358250016091618:
2201207012358270016080446:
2201207012358300016083374:
2201207012358330005834425:
2201207012358350005812008:
2201207012358380006446013:
2201207012358400016083347:
2201207012358420002381562:
2201207012358430011940077:
2201207012358460005818268:
2201207012358480005813242:
2201207012358500006447175:
2201207012358590005813316:
2201207012359030005832715:
2201207012359100012893998:
2201207012359110006447116:
5201207010000010002381562:
5201207010000030002376660:
5201207010000040006718420:
5201207010000060002391128:
5201207010000080005827227:
5201207010000090005833994:
5201207010000110006677763:
5201207010000130005827228:
5201207010000160005834505:
5201207010000180005811888:
5201207010000230005813311:
5201207010000250005813313:
5201207010000280005835860:
5201207010000311511465306:
5201207010000320006444818:
5201207010000340006446812:
5201207010000360006454361:
5201207010000380006451488:
5201207010000400005813079:
5201207010000420016076133:
5201207010000440006446411:
5201207010000460016075475:
5201207010000490016090819:
5201207010000520006460900:
5201207010000550006451772:
5201207010001000016075700:
5201207010001040016080715:
5201207010001080016075700:
5201207010001110016075853:
5201207010001150005823028:
5201207010001180005813242:
5201207010001200006447175:
5201207010001230016094237:
5201207010001260005812008:
5201207010001290016080446:
5201207010001320016091618:
5201207010001340016077352:
5201207010001370013685477:
5201207010001400006664964:
5201207010001420006444206:
5201207010001440006447169:
5201207010001460016077352:
5201207010001480006675308:
5201207010001560005813316:
5201207010002040012905013:
5201207010002100006442983:
5201207010002170012893323:
5201207010002180012902558:
5201207010002210012902754:
5201207010002250006447029:
5201207010002330011945920:
5201207010002510011940077:
5201207010002540005834501:
5201207010003020005813237:
5201207010003050013671772:
5201207010003070011928029:
5201207010003130012902602:
5201207010723580013859828:
5201207010736360005816210:
5201207010736450005828787:
5201207010736540005828786:
5201207010737040006652145:
5201207010738420005823527:
5201207010738460005818325:
5201207010739130005812008:
5201207010739230006652145:
5201207010739290005823527:
5201207010739340005812008:
5201207010739530005834505:
5201207010740360013843952:
5201207010740470013685944:
5201207010741080006447139:
5201207010741290006446612:
5201207010741420002375550:
5201207010743010006445995:
5201207010743060006444536:
5201207010743160006675307:
5201207010743190006447116:
5201207010743530013673540:
5201207010744030006451622:
5201207010745070012888780:
5201207010745200006655745:
5201207010745250005813313:
5201207010745320005829369:
5201207010745360005811975:
5201207010745530006675308:
5201207010746090005857099:
5201207010746240012893442:
5201207010746450006465396:
5201207010746520013850785:
5201207010747070006465154:
5201207010747090012906156:
5201207010747330006462715:
5201207010747450006655747:
5201207010747490002391128:
5201207010747520006674389:
5201207010747540006446849:
5201207010747590016075635:
5201207010748010005813758:
5201207010748040005827950:
5201207010748080006450649:
5201207010748450006652015:
5201207010748570005830202:
5201207010749080005733647:
5201207010749130012893323:
5201207010749150006444747:
5201207010749180006652017:
5201207010749230012902558:
5201207010749340013674521:
5201207010749420005813242:
5201207010749480006652392:
5201207010749500016092412:
5201207010749520016091827:
5201207010749540005813311:
5201207010749550005812583:
5201207010749590005736261:
5201207010750100016077352:
5201207010750210016089608:
5201207010750360005809757:
5201207010750430006445489:
5201207010750460005835860:
5201207010750480016080715:
5201207010750510006460900:
5201207010750540006652393:
5201207010750560012894555:
5201207010750580016086709:
5201207010751010005828790:
5201207010751030005813316:
5201207010751210005830461:
5201207010751260016075700:
5201207010751291511492902:
5201207010751320005832715:
5201207010751360005827229:
5201207010751380005811972:
5201207010751410016076133:
5201207010751420006677717:
5201207010751440006444011:
5201207010751470005834423:
5201207010751500002381562:
5201207010751520016076604:
5201207010751540005831893:
5201207010752080016086248:
5201207010752100013684394:
5201207010752120006461970:
5201207010752140005822669:
5201207010752170012902951:
5201207010752190011945920:
5201207010752210005811223:
5201207010752270006447187:
5201207010752300006677719:
5201207010752380005814918:
5201207010752400016093679:
5201207010752420006446411:
5201207010752500016076865:
5201207010753030016094237:
5201207010753060005822195:
5201207010753140006652395:
5201207010753190006444420:
5201207010753270006458036:
5201207010753330006652021:
5201207010753360016083348:
5201207010753370006665008:
5201207010753390005827885:
5201207010753410006451488:
5201207010753470005834501:
5201207010753520006652396:
5201207010753550005829371:
5201207010753570005835992:
5201207010753590012898022:
5201207010754060006718420:
5201207010754130006463333:
5201207010754180005834418:
5201207010754210006446385:
5201207010754230005833994:
5201207010754250005834419:
5201207010754270005816823:
5201207010754290005830457:
5201207010754320005749018:
5201207010754360005816823:
5201207010754400006442983:
5201207010754420005823027:
5201207010754550011611901:
5201207010754570012883817:
5201207010754590006446013:
5201207010755030006447029:
5201207010755040013848260:
5201207010755080005818326:
5201207010755130006446970:
5201207010755160006456596:
5201207010755180006448209:
5201207010755210006677722:
5201207010755240005736260:
5201207010755470006446812:
5201207010755510006444785:
5201207010755550006652022:
5201207010755580005827228:
5201207010756000006664964:
5201207010756040013671772:
5201207010756110012903747:
5201207010756130012885941:
5201207010756210006448472:
5201207010756240016080446:
5201207010756270016075853:
5201207010756290005818321:
5201207010756330005824267:
5201207010756340006677763:
5201207010756361511465306:
5201207010756380006466614:
5201207010756400006447175:
5201207010756420016092264:
5201207010756440005818329:
5201207010756470005813237:
5201207010756490012895995:
5201207010756510011932070:
5201207010756530012905013:
5201207010756550005818328:
5201207010756560012892168:
5201207010756590016080352:
5201207010757020012895798:
5201207010757050013695207:
5201207010757060005828791:
5201207010757100006445511:
5201207010757140005824934:
5201207010757170005827227:
5201207010757190005813079:
5201207010757210016078910:
5201207010757260016091618:
5201207010757320002373741:
5201207010757330002376660:
5201207010757350005812463:
5201207010757370005827948:
5201207010757410006451334:
5201207010757430006454361:
5201207010757440016080406:
5201207010757460006677762:
5201207010757470005834424:
5201207010757490016090819:
5201207010757520002375010:
5201207010757540006663027:
5201207010757560005823028:
5201207010757570005831114:
5201207010757590012906077:
5201207010758000013685477:
5201207010758030005832716:
5201207010758040016076352:
5201207010758060016080434:
5201207010758070006446226:
5201207010758090016092681:
5201207010758110005818323:
5201207010758130005814222:
5201207010758150005814919:
5201207010758160006468190:
5201207010758180006462207:
5201207010758190012892836:
5201207010758210006451772:
5201207010758230005814221:
5201207010758250011929867:
5201207010758270005823530:
5201207010758290005834426:
5201207010758300006444818:
5201207010758340005821485:
5201207010758370005834506:
5201207010758590005813234:
5201207010759150016083374:
5201207010759180012886908:
5201207010759200006461930:
5201207010759220012902602:
5201207010759250013683105:
5201207010759280006467374:
5201207010759290016083370:
5201207010759340011940077:
5201207010759460009905049:
5201207010759580013675394:
5201207010800180006447169:
5201207010800230016089650:
5201207010800330013855911:
5201207010800540011947511:
5201207010801010005736260:
5201207010801100005811888:
5201207010801121511492901:
5201207010801150005810849:
5201207010801180013849169:
5201207010801200005818324:
5201207010801230002375493:
5201207010801240011941961:
5201207010801260005834507:
5201207010801290013688240:
5201207010801300012898196:
5201207010801320016075475:
5201207010801350012906082:
5201207010801400005810948:
5201207010801510013683477:
5201207010802090005822668:
5201207010802140006464035:
5201207010802200006444206:
5201207010802230005821064:
5201207010802270002360340:
5201207010802310005828792:
5201207010802360012893998:
5201207010804050013684586:
5201207010804090013682594:
5201207010804390009880355:
5201207010806170011928029:
5201207010807490000759731:
5201207010809530006442967:
5201207010810000006459803:
5201207010814370013837173:
5201207010820530013693384:
5201207010827500005824269:
5201207010834550012903021:
5201207010844190012893706:
5201207010845050012906424:
5201207010850310013685750:
5201207010851040012901109:
5201207010851470013681366:
5201207010851510012884652:
5201207010852520012894830:
5201207010853210011599336:
5201207010853290012895999:
5201207010858290012891568:
5201207010858550013689573:
5201207010859030012897475:
5201207010900450012901288:
5201207010914000012902433:
5201207010914030013691094:
5201207010915230005816207:
5201207010919000013847079:
5201207010924030012893706:
5201207010931310013687393:
5201207011004590013673678:
5201207011013470013685750:
5201207011259030005827885:
5201207011351420006655747:
5201207011502450012895999:
5201207011702320005834507:
5201207011708300005816207:
5201207011803460012898196:
5201207011810140012901109:
5201207011818210012884652:
5201207011821460012906424:
5201207011825080013847079:
5201207011836000012902433:
5201207011851470012894830:
5201207011851490011599336:
5201207011920060005828791:
5201207011922010005736260:
5201207011922160005834506:
5201207011922250005812463:
5201207011922440006446226:
5201207011923160005828790:
5201207011923220005818326:
5201207011923540005827950:
5201207011923560005816210:
5201207011926090005834418:
5201207011928060013691094:
5201207011931390012891568:
5201207011949220013837173:
5201207011959360002375550:
5201207012001170006461970:
5201207012001200016080434:
5201207012001220016086291:
5201207012001380016075700:
5201207012001460006652015:
5201207012001470016091827:
5201207012001490006652396:
5201207012001510002375010:
5201207012001540016076352:
5201207012002000006652021:
5201207012002050016089650:
5201207012002080016090819:
5201207012002130016080406:
5201207012002170006664964:
5201207012002190006677762:
5201207012002230005830202:
5201207012002270016076133:
5201207012002290005823028:
5201207012002300016092264:
5201207012002320005834505:
5201207012002340006444785:
5201207012002370005827948:
5201207012002390006447169:
5201207012002410016083348:
5201207012002420016076604:
5201207012002441511492901:
5201207012002470016075635:
5201207012002490016076865:
5201207012002510006675308:
5201207012002530005814919:
5201207012002550006460900:
5201207012002580006677722:
5201207012003000016075475:
5201207012003010006652017:
5201207012003030006677717:
5201207012003070006652145:
5201207012003100006445995:
5201207012003130016093679:
5201207012003140006446849:
5201207012003160006663027:
5201207012003180002375493:
5201207012003190005833994:
5201207012003210006451622:
5201207012003230016092412:
5201207012003260005835860:
5201207012003300006451772:
5201207012003310006652393:
5201207012003330002373741:
5201207012003360006652395:
5201207012003380006451334:
5201207012003400006447187:
5201207012003430016080352:
5201207012003450016092681:
5201207012003470016077352:
5201207012003490002360340:
5201207012003510016083370:
5201207012003540006444747:
5201207012003570016075853:
5201207012003580011611901:
5201207012004011511492902:
5201207012004180006652022:
5201207012004290006450649:
5201207012004360016086248:
5201207012004420005831893:
5201207012004480006444011:
5201207012005110006442983:
5201207012005210006446612:
5201207012005420006462207:
5201207012005450006447029:
5201207012006410006655745:
5201207012006440006447139:
5201207012006580002376660:
5201207012007010006652392:
5201207012007030002391128:
5201207012007080006674389:
5201207012007110006655747:
5201207012007380006675307:
5201207012007460012906156:
5201207012008170012903021:
5201207012010170013843952:
5201207012010320013850785:
5201207012010340013859828:
5201207012011140012898022:
5201207012011550005813234:
5201207012012310006459803:
5201207012012390005831114:
5201207012012470005814222:
5201207012013180005814221:
5201207012014240005834424:
5201207012019230006466614:
5201207012020150013693384:
5201207012021030013671772:
5201207012021570012901288:
5201207012022020013673678:
5201207012022060006665008:
5201207012032500005749018:
5201207012033380006448472:
5201207012034060013685477:
5201207012034200013683477:
5201207012035470012902602:
5201207012035500005824269:
5201207012036520011932070:
5201207012036560011929867:
5201207012041310009880355:
5201207012041340012888780:
5201207012047020006462715:
5201207012047360005818323:
5201207012047420005818324:
5201207012056570013684586:
5201207012058020016086709:
5201207012100080000759731:
5201207012100160009905049:
5201207012104550013688240:
5201207012105300005818325:
5201207012119410012893706:
5201207012132040012893706:
5201207012137420005818329:
5201207012143130011941961:
5201207012143190012902951:
5201207012145530012892836:
5201207012150460012886908:
5201207012150540012883817:
5201207012155160012895995:
5201207012156080012893442:
5201207012156280016089608:
5201207012158160006467374:
5201207012158190005830457:
5201207012200000006446411:
5201207012200020005813758:
5201207012200040006444536:
5201207012200080005822669:
5201207012200090005818321:
5201207012200170005835992:
5201207012200180005818328:
5201207012200200012892168:
5201207012200280005733647:
5201207012200320005821485:
5201207012200490006465154:
5201207012200550005821064:
5201207012200570006465396:
5201207012201140006458036:
5201207012201160005824934:
5201207012201510012885941:
5201207012202340006464035:
5201207012202420005813237:
5201207012202500006446970:
5201207012203030006468190:
5201207012203060016080715:
5201207012203110006718420:
5201207012203490013683105:
5201207012203560012905013:
5201207012203580006444206:
5201207012205010006677719:
5201207012205040005814918:
5201207012206080005736261:
5201207012207050011945920:
5201207012207440006677763:
5201207012209180012902558:
5201207012209300012893323:
5201207012233060013675394:
